[
	111111111111111[1]
	11111111111[1]
	11111111111[1]
	1111111111111111111[1]
	1111111111111111111[1]
	11111111111111111111111[1]
	1111111111111111111111111[1]
	1111111111111111111[1]
	1111111111111111111[1]
	11111111111111111111111[1]
	11111111111111111111111[1]
	111111011111111111111111[1]
	111111111111111111111111[1]
	111111111111111111111111111111111[1]
	111111111111111111111111111111111[1]
	110010101010000000000000111[1]
	0001001111100000011[1]
	101110000110001111100101101100[1]
	10001100010011000100001011101100001101011[1]
	1110001000111001100101110011010001100[1]
	0010110100001101000110001001001010010110001[1]
	10111000100001001000110110000011011010101000100[1]
	1111111111011111[1]
	11100111000010101100000101110100000011[1]
	10011111001101001010000010000011[1]
	1000100000000100000010111101100000000000100[1]
	10101000000011010100110101101000000100[1]
	111100001000100011110000010010100[1]
	10101001000000000000001000000110100000100000100[1]
	10001000000001[1]
	10100000000000101[1]
	1001101100101101000000000011110001101001100[1]
	111111111111111[1]
	11111100101100100000010101110010011111001100[1]
	1001001001110110001010001100[1]
	11010001001001110110001010001100[1]
	110010100100101100010000010101001011001001[1]
	1110110010011010000001101111010001100100011[1]
	11010100101010001011011010100000111000010111[1]
	1110000011100000010101001100000000000000010011[1]
	100010110010101011000100101100100111[1]
	001010010000011110001000100001111[1]
	1001000000010001001100111[1]
	001101101001111100011000011101[1]
	1100110000000011011010000001000111011001[1]
	111110101100000000001111110000000111111[1]
	100100100100110010001110000110001[1]
	1000000000000000000011011110110000000110001[1]
	1000000000000011011110000000000000100001[1]
	110100100001100100010001[1]
	10001000000000010000111[1]
	00100010101011011000001101100010010000100011101[1]
	111010000111000001010110110100010100101011[1]
	11101100000001010011[1]
	00100000010110101100101011000000010101[1]
	1110000011100000010101001100000000000000010111[1]
	11100001000000000010001[1]
	111000100101111110111[1]
	1000110000000110111111100000000000000010001[1]
	11010110000110111010000100011001000110001[1]
	0011000101100111010011001110001000111[1]
	100011000011100010011001001001001[1]
	111001001101001000110101010011010001[1]
	111011011101010010010100001111[1]
	111111100110101111[1]
	111000000000000010101010011[1]
	0010110100001101000110001001001010010110001[1]
	100100110100101010000111001101001001010111[1]
	1100010011000101111011000000101100100110111[1]
	1001101110001000000101101100000000110011[1]
	111111000000011111100000000001101011111[1]
	0010000000000011011110100000010000000010001[1]
	00100000000100000110111000000000000000011111[1]
	110111101111000000100100100011[1]
	11111101111111011[1]
	0001001010100000000000011110100000111010001[1]
	00110011111001001110101000000100110100111111[1]
	11001010000000110111[1]
	100010001001100001001011[1]
	0011001111100000000000000000000111[1]
	00110001010001101110010010001011[1]
	00110001010001101110010010001011[1]
	1110011001000100000001001[1]
	101001111011010011100111[1]
	1111101111111111[1]
	11000001000001010010110011111001[1]
	111100001010010010101110110111[1]
	110001001001000000111101111011[1]
	111001110010110111100101[1]
	11000000101110100000110101000011100111[1]
	111101011001111111[1]
	111011111101001000111[1]
]
