[
	111111110111110[1]
	10111111110[1]
	10111111111[1]
	0001111110110011111[1]
	1111000110111111111[1]
	11111101011111001111111[1]
	0001010000111111010001101[0]
	0111111111010111010[1]
	0101111111111100110[0]
	11111111110111101001111[1]
	10011100101001010101111[1]
	011101111011100011111110[1]
	011001111111111110111101[1]
	101000101000011111001010101111110[1]
	101110011101010111111111101111111[1]
	101111000111110111011110111[1]
	0111111111110111010[1]
	000010001000111111111111111101[1]
	11001011011110111011110111101011010110101[1]
	0101011111001101011011111010111111111[1]
	0000100001001001011101011100011001101011110[0]
	01000100001010100101111011111111111001111111110[1]
	1101111111011110[1]
	10110100111010011111110110111110011010[1]
	10011110110011111110111111110010[1]
	1110011110110101000111100110011101111010110[1]
	11101001110001010100110100110010110000[0]
	110111110010011111110110101111111[1]
	11100111101000011010001111101101010011110001010[0]
	11111111111111[1]
	10111010111111111[1]
	0101111110110011111101100000111111001100110[1]
	111111101001111[1]
	01100011101100111010011111010101001010011111[1]
	1001110111010111001011111111[1]
	11110001110110101111101001110011[1]
	000110101110001110001100111111010011110110[1]
	1010110110110110011001011001010111111000111[0]
	11001100010110011110010100110011101111101010[1]
	1100111011111010100011111111010111110111101110[1]
	001111111111010011010111001111000011[1]
	110011111101110111101011110101110[1]
	1111111011111011111111000[1]
	000111110101111110011011011111[1]
	1000010001100101100111110110111101001110[1]
	111011111010001110101111101011111111000[1]
	001111001001111110101110110100101[1]
	0110011010111010111110011100101111111011111[1]
	1011110110110000101110111100011110101111[1]
	101010111010110110110110[1]
	11111111011110111110110[1]
	01001110010111101001111101000110010110100000110[1]
	101000110111111001010111100110011111100001[1]
	11111101111111101111[1]
	01100110101110110000111111111111011101[1]
	1001110111011101111111100111100101011111011111[1]
	11011110101100111110101[1]
	111011111011110111111[1]
	1100010111101101101011001111001100100011111[0]
	11101111101110101000110110111101010010011[1]
	0011111101111100011010011111111111010[0]
	101110011000110111011101111111000[0]
	001111101111110100000111011110110001[1]
	100101111011110010001111111110[1]
	111111101011011101[0]
	101111111011101110111111110[1]
	1010100101100111111001101110111110101110011[1]
	100011111110111110000101111111101100010110[1]
	0101001010111101111011100111111101111110111[1]
	0110001011010111101101001101111101101111[1]
	000001110010111011111110011111101011110[1]
	1010111001011010001110000101110101010101010[1]
	11111111010001010100101111010111100011011111[1]
	110111111001101011110110100110[1]
	11111111011111101[1]
	0001101101011111011110101011111011000111011[1]
	10101111100110010000011111111110110011111111[1]
	11001111011110111111[1]
	010111110011001111100110[1]
	0111111011011111111010110101111111[1]
	11101111111110010010111110001111[1]
	10110111001101101011011111110011[1]
	1010110101001111111011010[1]
	111101011010111101111100[1]
	1011101101011111[1]
	10100001011101110010111110111100[1]
	110001111001111111111101111110[1]
	011100111111011101111001110001[1]
	111111011110111111101110[1]
	11001110011111110101111111010111110110[1]
	111111011111111110[1]
	101111111011111111111[1]
]
