[
	011111100111110[1]
	10111111110[1]
	11011111111[1]
	0111111111110011111[1]
	1011001100110111111[1]
	10111101101111001111111[1]
	1001010010011101011011101[0]
	1111111111010111010[1]
	0111111011111111110[0]
	11111110110111111001111[1]
	10101110101111111011111[1]
	011101111011110011111110[1]
	000111111111111111111111[1]
	101001011100011111001010101111110[1]
	101010101011110111111111101111111[1]
	001111010011100111101110111[1]
	0111111111110111010[1]
	010010001000111111111111101001[1]
	10111110011110101010011001101011010110101[1]
	0111011001011111111011111101011111111[1]
	0000100001001001011101011100011000001011110[0]
	11011100001010101111101010001111111001111111110[1]
	1101111111111110[1]
	10110100101010011111111110011110111010[1]
	10011110111001111110111111100010[1]
	1011101011111101100101011010011101111010110[1]
	11101001111101110101110110100010110000[0]
	110111111110111111110110110111111[1]
	01100111101011011010001010001101010011110001010[0]
	11111010111111[1]
	10111010111111111[1]
	0001111110110011111101011101111111111100110[1]
	111111101101011[1]
	01100011101100111101111011001110111000011111[1]
	1001110111010111100011111111[1]
	10110001110110101110111001110011[1]
	010010101111001110011010111111100011110110[1]
	1010110110110101011001011001110111111000111[0]
	10001100010111111101110001010011011111010010[1]
	1100111011001111100011111111010100110101011110[1]
	011111110110001111010101001111000111[1]
	110001111101111011101110110101110[1]
	0111111011111101111111000[1]
	100111110101101010111111011101[1]
	1001110001100101111111110110111101001110[1]
	111010111010011100101111001011101110000[1]
	111111001001010011011110101100101[1]
	1110011010111101111101011101001111111011111[1]
	1011110111010001100110111100011110101111[1]
	111011110010011110110110[1]
	11111111011110111110110[1]
	11001110010110101111010111000011010111100011110[1]
	011000110111111011011000101101011111100001[1]
	11111101101101110111[1]
	01100010101011110000111011110111011101[1]
	1100000110011111011111100110000101011111011111[1]
	11011110101100111110111[1]
	111001111011110111111[1]
	1100010111111001101011001111001100100011111[0]
	11100110010010101000010110111101110010011[1]
	0011111101111100011010011100111111010[0]
	111111001110110111011101001111000[0]
	011111011111110101110111011110110001[1]
	010100111011110110001111111110[1]
	111111101111010101[0]
	101110111111101110111111110[1]
	1110100110001110101101101110111110101110011[1]
	100011111111111111110111101111101100010110[1]
	0101001010111011111011010111111101111110111[1]
	1010001111011110101101000101111101101111[1]
	000011110111111011110100011111101011110[1]
	1110111001001010011100011101110101010101010[1]
	01111111010001110111101111110111010011010111[1]
	101111111001101011110110110110[1]
	00111111111111101[1]
	0101101101011110011110101010111011000100011[1]
	11101101010011010100001111111111110011111111[1]
	01001111011111011111[1]
	101111110011001111100110[1]
	1011111011011110111011110110111111[1]
	11101111111110010011111110001111[1]
	00110111001101111011011111101010[1]
	0010110101111111011011010[1]
	101001111110111101111100[1]
	1111101101000111[1]
	11100001111111111010111110111100[1]
	000001111101111111111100111110[1]
	011100111111010111101101110001[1]
	111111111101111101100010[1]
	11001111000111110101110101110111110110[1]
	111111011110111110[1]
	101101111011111110111[1]
]
