[
	111111100111111[1]
	11111111110[1]
	11011111111[1]
	1011111111110011111[1]
	0111111100110111111[1]
	00111111110111111101111[1]
	1001010010011101010011101[0]
	1111111111010111110[0]
	1111011010111001110[1]
	01111111110111111001111[1]
	01101110101111011101111[0]
	111101111011110001111110[1]
	001011111111111111111111[1]
	010001011100011111001010011111110[1]
	101111111101111011111111111111111[1]
	111111010011100111011110111[1]
	1111111110110111010[1]
	011010001100111111111111111101[1]
	01001011011110111011010101101011010100101[1]
	0101011110001110110011111110011111111[1]
	1000111001101011011001100011111001101001110[1]
	01101100001111101101111011110111111001111101001[1]
	1101111111011111[1]
	01111100101010011111111111111110111010[1]
	00011111111001111101111110100011[0]
	1011101011111101100101011010011011111010110[1]
	11100001111000110001100010110110110000[0]
	100111110111111100110110110111111[1]
	00001111101000011010001010001101010011110001010[1]
	11111010111111[0]
	11111010111111110[1]
	0101111110110011111101011101111111111100110[1]
	001111111101111[1]
	00001001101001011011011111011110111000010110[0]
	1001110111010101000011111111[1]
	10110101110110101110111011010010[1]
	000010101111001110001100111111000011110000[1]
	0110110110110110001110001001110111111000111[1]
	10001100010111111101110001010011011111100110[0]
	0110110011110110100110011111010100110101011110[0]
	001111110011110011110111100111000111[1]
	000001110001000111101011110101110[1]
	1011110101111100011111000[1]
	100111111101101010111001111101[1]
	1101110001100101111111110110100101101110[1]
	011111111010001110111111101011110111000[1]
	101010001001110011011110001100101[0]
	1010111010111001111101010100111111101101111[1]
	0111100110111101000110111110100110101111[1]
	101011111011111100110110[1]
	11011111011110111110110[1]
	00001110010110101111010111000011011101100011110[1]
	111000110111111011010000100111101111100011[1]
	11111101001101101111[1]
	01100010101011011000111011111111011101[1]
	0100111111011001010110100011101101011111011011[1]
	10011110101110111100101[1]
	111001111110110111111[1]
	0111010001111001111111001100111111000011111[1]
	10001111111010100001110110111111110010001[0]
	0011100101011100011111011111111111010[1]
	111110011110110111011101111111000[1]
	001111001111110101100111011010110001[1]
	110100110011011010101111111110[1]
	011111101111011101[1]
	011010111101101110111011100[1]
	0001000110001111011101111000111101111111001[1]
	100011011101110110000101101111011100111110[0]
	0011010101011101111011010111111110111110111[1]
	1111001111010111101101000101111101101110[1]
	110001110010111011111110011011101011110[0]
	1110111001011101010100011101110111010101010[0]
	11111111010001100100111011100111110011011100[1]
	111101111001101100110110110110[0]
	10111111111111111[1]
	0001101101011111011110100011111111000100000[1]
	01101101011110010100011111010100110011111011[1]
	00001011111111111111[1]
	011011100101011111101011[1]
	0111110011011101011010110101111110[1]
	11101111111110010010111100001111[1]
	10110111001101110111001111101011[1]
	1110100101001111111011010[0]
	011101010111111111111101[0]
	1111101111011111[1]
	10100001110101111010111111111100[1]
	100001111101111111111100111110[1]
	111100011111010110111001111001[1]
	001111111101111101100010[0]
	00001111000111110101111111010111110110[1]
	011111111111111110[1]
	011111111011111111111[1]
]
