[
	101111110111111[1]
	11111111110[1]
	11111111111[1]
	0011111111110011101[1]
	1111111110110111111[1]
	11110111110110001111111[1]
	0011110010111011010001101[0]
	0111111111010111110[0]
	0111111010011001110[1]
	11111111110111111001101[1]
	11011110111101110101111[0]
	111111110011110011111110[1]
	011001111011111110011101[1]
	111001011101010101001010101111110[1]
	111111111000110111111111101111111[1]
	111111111100100111011110111[1]
	1111111111110111010[1]
	011010110110111111111111110101[1]
	10011111011110101001111001101011010110111[1]
	0111011111101110110011111110111111111[1]
	0000010001001001011101100011111001101011110[1]
	10001100001010100101111011110010111001111101001[1]
	1001111111111111[1]
	10111010111111011101110110011110011010[1]
	00011111100101111010111100110011[0]
	0111101010111101100101011010011101111011110[1]
	01000101111110010100110100110101110000[0]
	000101110111111100110110101111111[1]
	10001011101000011110011011110101010011110110010[1]
	10111100111110[0]
	10111011111111100[1]
	0000110111110010111101101101111111110100110[1]
	110101111111111[1]
	10000011101011011110011011001110001010010110[0]
	1101110111110111001011111111[1]
	11111000111110101110111111010010[1]
	011011101110001110011010111111010111110100[1]
	1110110111110110011110010011110111111100000[1]
	10101100010110111101110100110111011111100110[0]
	1101010011110110110011111111011110110111111110[0]
	100101110111010011010101100111000011[1]
	100011111111000111101011110101110[1]
	1011110111110100111111000[1]
	111111110100111111011101111101[1]
	0101010001100101111111110110111101001110[1]
	111011111010011100111001101011101111000[1]
	011111001001111010101100001100101[0]
	0010011110111011111100011100101011011011111[1]
	0111100111110010111110100110100110101111[1]
	101110111011110110110110[1]
	00011111111110111101110[1]
	01001110010111101001000111001110111111100000110[1]
	011000100111111011011011101101001111100011[1]
	11111101001101101111[1]
	10100110101011011000111011110111111101[1]
	0001110111011001110111100111100101000111011111[1]
	11011110101110111100101[1]
	111001111101110111111[1]
	1011010011001101101011111111111100100011111[1]
	11001110010010101001110110111101110110111[0]
	1111101101111010011010111111111111010[1]
	001111011011110111011101111111000[1]
	100111101111110101110111011111010101[1]
	110101111011111110001111111110[1]
	001111101111011101[1]
	101011111011101110111111110[1]
	1101000110001111111101110110111110111110101[1]
	000011110110110110000101101111101101010100[0]
	1001001010111101111011010111111110111110111[1]
	1011001111011111101101001101111101101111[1]
	010111110111111111110100111111111011110[0]
	1110011001001010000100011101110101010101110[0]
	11111111010001111010011011111111010011011100[1]
	110111110011101100110110100110[0]
	10111111111111101[1]
	1001100111011110111110101010111111000100000[1]
	01111111101011010000111111011000110111111111[1]
	10100111110101110111[1]
	101111110011001111101111[1]
	0001011011011111111110110110111110[1]
	00110111111110011011111110001111[1]
	01010111001101101011011111011011[1]
	1110110101001111101011010[0]
	110101110111101011111100[0]
	0101111101011110[1]
	00100001011101010110111111111100[1]
	010101111101111111111101111110[1]
	011100011101001111101001110001[1]
	111111111110111001100010[0]
	10001111000111110101111111010111110110[1]
	101111010100111110[1]
	011101101011111110111[1]
]
