[
	111101100011111[1]
	10110111110[1]
	10011111011[1]
	1011111111110011111[1]
	0011001100110011111[1]
	11111111011111101100111[1]
	1001010010011011010011101[0]
	1011100110110111110[1]
	0001001011011100110[0]
	10011111110111111011111[1]
	00101100101111111011111[1]
	011101110001110001111110[1]
	100111111111111110111111[1]
	100001011000111111010010101111110[1]
	101110011001010111111111111111111[1]
	101111111100100111010110111[1]
	1111111111110111010[1]
	000010001000001111101111100110[1]
	01001011011110110001011101101011010110101[1]
	1111011011011101110011111100111111111[1]
	0000100001001001011101111011101011101011110[0]
	11000100001010100111000110001111111001111111000[1]
	0101111111111111[1]
	10110100101010011111111111111110110010[1]
	10011111010001111110111111110010[1]
	0010010010110101000111100100011011111001110[1]
	11101001011101010101110010100110110000[0]
	010111110111111111011010110111111[1]
	01100111101000011010000010001101010011110001010[0]
	11111011111111[1]
	11111010111111110[1]
	0101110111110010111101100000111111111100110[1]
	110111111001111[1]
	01100011101011011101011111001110101010110011[1]
	1101110111010101000011111111[1]
	11110001110110101110111011010011[1]
	010010110110011110001010111111110111110000[1]
	1011010110110110011001011001010111111000111[0]
	10001100101000111101010000010011011111010010[1]
	0100111011111011100011111111011111110111011110[1]
	011111110110001111000101100111000111[1]
	110001111111011010101110110101110[1]
	1111111011111011111111000[1]
	100111101100111111011101111111[1]
	1000010001100101111111110110101111001110[1]
	111010111010011100111111101111101110000[1]
	101111001001010011011110100101101[1]
	1110011010111010111101011100111101011000011[1]
	1011110110111000001110111111101110101110[1]
	111011101011111101101110[1]
	11011101111110111110110[1]
	01001110010110101111111101000111011111100001110[1]
	011000110111111011011000101110011111100011[1]
	11111101101101110111[1]
	01100100101111011000111011111111011101[1]
	1100000111011001010110100011100101011111011111[1]
	11011110101111011100111[1]
	111011111011110111111[1]
	1100010111111001101011001111011100000011111[0]
	10100111111010100011110110111111010010011[1]
	0111100101001110011010111111111111010[0]
	111111011110110111001111001101000[0]
	111111101111110101101011011110110001[1]
	000101110011111110101111111110[1]
	111111111111010101[0]
	101111111011100110111111010[1]
	0010100010101101111001100000111110111110111[1]
	100011111110111111110101110111011110101110[1]
	0101010101111101111011100111111101110111111[1]
	0111001111010111101101001101101101101111[1]
	100001110010111011111110001100001011110[1]
	1110111001011101000100011101110101010101010[1]
	00111111010001010100111011011111010010111101[1]
	001000111000011000110110110110[1]
	11111111111111111[1]
	0001101101011110010110101001011111000111011[1]
	10101111100110010000011101110111110011111111[1]
	00001111111111110111[1]
	100111111110001111101111[1]
	0111111011011110111011110110111111[1]
	11101111111110010011111110001111[1]
	11110111001101111111101111101011[1]
	1010110101011111011011010[1]
	011101111110111101111100[1]
	1111101101011111[1]
	00100001011101110011111111111100[1]
	110001111101111111111101111110[1]
	011100111111010110101101110001[1]
	111111111110101111101110[1]
	11001110011111110101111111010111110110[1]
	011111011110111110[1]
	111111111011111110111[1]
]
