[
	101111100011111[1]
	11111111110[1]
	11111011111[1]
	0101111010110101101[1]
	1111111100110111111[1]
	11110111110110001111111[1]
	0011110010111001100011100[0]
	1001111111010111110[1]
	0001111011111100110[0]
	11111111110111111001111[1]
	11011100101101111101111[1]
	111101110001100101111110[1]
	001001111011111111111111[1]
	111011011000011011001010101111110[1]
	111111010111101011101111111111111[1]
	111111010011100110101110111[1]
	1111111111111111010[1]
	011010101010111111111111110101[1]
	10011111011111110001111111101011010110101[1]
	0111011111101110111011111010111111111[1]
	0000111001101011011001100110111000001011110[0]
	10001100001010100101111011110110110101111101110[1]
	0001111101011110[1]
	11111010111111011011111111111110110010[1]
	00011111010111111010111111110010[1]
	0111101010111101100101011010011101111011110[1]
	00000101111110011101100010110010110000[0]
	000101110110111001110110110111111[1]
	00001011111000010110001010001101010000110001010[0]
	10111101111111[1]
	10111011111111110[1]
	0000110111110010111101101101111111111100110[1]
	111111111001111[1]
	10000011101011011110011100001110101010110011[1]
	0101110111010111001011111111[1]
	11111000111110101110111001010011[1]
	011011101110001110011010111111000011110000[1]
	1110110110110110001110010011110111111000111[0]
	10101100010111111100110001010011111111101010[1]
	1101010011110110110011111101111111110111011110[1]
	100101110011110011011011001111000111[1]
	100011111111000011101110110101110[1]
	1011110111111011111111100[1]
	111111110101111110111001111111[1]
	0101010001100101111111110101100111001110[1]
	111111111110110110101111000011110111000[1]
	011111001001111110111110101100101[1]
	0010011110111011111101011010101101011000011[1]
	0111100111110011111101111100011111101110[1]
	101110111011111100110110[1]
	00011111011110101110110[1]
	01001110010111101001000111001110111111100001110[1]
	011000101110111001011000101110011111100001[1]
	11111101111110101111[1]
	10100110101011011000111011110111111101[1]
	1001110111011011011100100010100101011111011111[1]
	11011110101111011110111[1]
	111011111110110111111[1]
	1011010011001101101011001100111111100011111[0]
	11111111111110100011111100111101110010011[1]
	1111101101111110011010110011100111010[0]
	001111011011110111011101001101000[0]
	000111101111110101110111011110110001[1]
	110101111011111110101111111110[1]
	001111101111011101[0]
	101011111011101110111111010[1]
	1101000110001111111101111110111110101110011[1]
	000011110110110110000101101111101110101110[1]
	1001001010011101111011100011111101111101111[1]
	1011001111011111101101000101111101101111[1]
	010111110111111011111110001111101011110[1]
	1010011001001010000100011101110101010101010[1]
	11111111010001010111101011111111010011010111[1]
	110111110011101011110110111110[1]
	10111111111111101[1]
	1001100111011110111110101010111011000111011[1]
	01111111101010001000111101111110110011111111[1]
	10100111111111111111[1]
	111111101111001111100110[1]
	0001011111001101111010110110111111[1]
	01101111111111111010111110001111[1]
	11010111001101101011010111001011[1]
	1110110101011111111011010[1]
	010101110111101011111100[1]
	1001110111011111[1]
	01100001011101010110111111111100[1]
	011001111001111111111101111110[1]
	011100011101001111101001110001[1]
	111111111110111101101110[1]
	10001011001101011101110101110111110110[1]
	001111111010111110[1]
	011101101011111110111[1]
]
