[
	111111010011111[1]
	10111111110[1]
	10011011111[1]
	1001111111110011111[1]
	0011000100110011111[1]
	11111111101111001111111[1]
	1111010010011101010011100[0]
	1101111111000111110[0]
	0101111011111111110[1]
	10011011110111111011111[1]
	00101000101111111011111[0]
	101101111011110101111110[1]
	001111111111111111111111[1]
	111001011001011111001010001111110[1]
	111010101001010001011111101111111[1]
	111111110011100111111110111[1]
	0011111111110111010[1]
	111010111110111110111101111101[1]
	11001011011110101011011011101001010110111[1]
	0111010110001110011011111110011111111[1]
	0000100001001001001001111110011001101011110[1]
	11001100001111100111101011001110111001111111001[1]
	0101111101011110[1]
	10111100100011001011110110011110101010[1]
	11011111010011101100111000100011[0]
	1101101110011101100101011010011011111000110[1]
	01000001111001010101110010100010010000[0]
	111101110010001111110110110111111[1]
	10000111101011111010111010001101010011110110011[1]
	10111011111110[0]
	00001010111111110[1]
	1100110111110010011101011101111111111100110[1]
	101101111101111[1]
	11000011101100110010011100001110101010011110[0]
	1101110111010101001011111111[1]
	11111001110110101110111011010010[1]
	111010101111001110001101111011000111110000[1]
	0110110110110101011001011001110111111000111[1]
	10001100100111111110100000000011011111010010[0]
	0100111010100111100011111111110100110101011110[0]
	110101101111010011011001100111000011[1]
	110001111111111011101111110101110[1]
	0011111011111101111111000[1]
	110111110101101010111111011101[1]
	1101101101001101111111110100101110010110[1]
	101010101110110100111001101111100111000[1]
	101110011000111110101110100101101[0]
	1010111010111010111110010100111111101101111[1]
	1111100111111101000010111110100110101111[1]
	101011111010110101110110[1]
	10111101111110111110110[1]
	10001110010110101111111101000011011101100011110[1]
	011010111111111001011010101110011111100011[1]
	11111101001101110111[1]
	01100100101110110000111011110111111101[1]
	1001110111011111111111100110110101011111011010[1]
	10011101001101111110111[1]
	111011001110110111111[1]
	0000010111001101101011001110111111100011111[1]
	01001111111010101000010110111111110010001[0]
	0011100101001110011010111111111111010[1]
	011111011011110111011101111111000[1]
	000011101111110101110110011110110001[1]
	110101111111111110001111111110[1]
	000111101011011101[1]
	111011111011100110011111010[1]
	1101000110001111101101101110111101111111011[1]
	100011011101110110001111110111011110110100[0]
	1001001010111101111011110011111111110111111[1]
	1011001001011111101101000101111101101111[1]
	000001110111111111110100111001101011110[0]
	1110111001001010001010001101001101010110110[0]
	10111111010001001001111111110111010011011100[1]
	010100111001101000110110110110[0]
	10111111111111101[1]
	1101100111011111111110101001011111000111000[1]
	11111111101110001000011111010111110011111111[1]
	01001111110111110111[1]
	111111101110001111101011[1]
	1111111111011101011011110101111110[1]
	00101111111110111011111110001111[1]
	10010111011110010111001111101011[1]
	1011000101001111111011010[0]
	011100011110101001111100[0]
	1110111111011110[1]
	11100111111101111010111111111100[1]
	101011001101111111111101111110[1]
	111101011101011111101001111001[1]
	011111111110101001101110[0]
	11001011001111101101110101110111110110[1]
	001111011111111110[1]
	101111101011111110111[1]
]
