[
	111101100011111[1]
	10111111110[1]
	11011111111[1]
	0011111111110011111[1]
	1111100100110011111[1]
	10111111101111001111111[1]
	0001111010011101010011100[0]
	1101111111000111110[0]
	0111111011111111110[1]
	11111110110111111011111[1]
	10101110101111111011111[0]
	011101111011110110111110[1]
	000111111111111111111111[1]
	101001011100110011001010001111110[1]
	101110011101001011011111101111111[1]
	101111111100100111101110111[1]
	0111111111110111010[1]
	000010110110111110111101111101[1]
	11101010111110101001011001101001010110111[1]
	1111011111101110110011111110011111111[1]
	0000100001001001011101111011101011101011110[1]
	11011100001111000101101010101011111001111111001[1]
	1101111101011110[1]
	10110100101010011111110110011110101010[1]
	10011110110010101101111111100011[0]
	1001101011111101100101011010011011111000110[1]
	11101001111101011100110010110110110000[0]
	100111111110111111110110110111111[1]
	10100111101000011010000010001101010011110110011[1]
	11111011111110[0]
	10111010111111110[1]
	0101111111110010011101011101111111111100110[1]
	111111111101111[1]
	01100011101100111010011011010101001010011110[0]
	1101110111010101001011111111[1]
	10110001010110101110111011010010[1]
	011010110110011110001101111011000111110000[1]
	1110110110110110001110010011110011111000111[1]
	11001100001001011101110001000011011111010010[0]
	1100111011001111100011111111010100110101011110[0]
	001110111010010011001011100111000011[1]
	110001111101100011101110110101110[1]
	1111111011111101111111000[1]
	100111110101111110011101011101[1]
	1001110001100101111111110100100101001110[1]
	111111111010110100101111001111100111000[1]
	111111001001110011011110100101101[0]
	0110011010111011111100000100001111101101111[1]
	1011110111110101000110111111000110101111[1]
	101011101111111100110110[1]
	10111111011110111110110[1]
	11001110010111101001111101001110011101100011110[1]
	011000110111111011011000101110011111100011[1]
	10111101011111110111[1]
	01100010101111011000111011110111111101[1]
	1000000111011111111111100110110101011111011010[1]
	11011110101111111110111[1]
	111011111111110111111[1]
	1100010111111001101011001110111111100011111[1]
	11100111111110100011111110111100110010001[0]
	0011100101001110011010111111111111010[1]
	111111011110110111001101111111000[1]
	011111011111110101110110011110110001[1]
	110100111011111110101111111110[1]
	111111111111011101[1]
	101111111011101000111111010[1]
	1110100110001101101101111110111110101111011[1]
	100011011011110111110111101111101110110100[0]
	0101001010111001111011010111111110111110111[1]
	0111001111010111101101001101101101101111[1]
	000011110010111011111110001110011011110[0]
	1110111001001010001010001101001101010110110[0]
	01111111010001110111101111010111100011011100[1]
	111111111001101100110110110110[0]
	00111111111111101[1]
	1001101101011110011110101010111111000111000[1]
	10101111101111010100111111111110110011111111[1]
	01001111111111111111[1]
	010111111110001111101011[1]
	1011111011011111111010111101111110[1]
	11101111111110011010111100001111[1]
	10110111011110010111001111101011[1]
	1010110101111111011011010[0]
	101001111011111101111100[0]
	1111101111011110[1]
	11100001111111111010111111111100[1]
	000001111101111111111101111110[1]
	011100111111010011101001111001[1]
	111111111101101101000010[0]
	11001110011111110101111111010111110110[1]
	011111011111111110[1]
	101111111111111110111[1]
]
