[
	111101100011111[1]
	11111111110[1]
	11011111111[1]
	1101111011110111101[1]
	0111111110110011111[1]
	00111101011110001111111[1]
	0011110010111111000011100[0]
	1001111111010111110[0]
	1001111011111111110[1]
	00111111110111111001101[1]
	00011100101111111101111[0]
	011101111011100101111110[1]
	010001111011111111111111[1]
	100111011101110011001010101111110[1]
	101111111101101011111111111111111[1]
	111111010000100111101110111[1]
	0111111111110111010[1]
	011010111110111111111111111101[1]
	00011110011110101010011001101011010110111[1]
	0101110110001111011011111110111111111[1]
	1000111001101001011101100010111000001011110[1]
	01101100001111100101101010001111111001111111001[1]
	1101111111011110[1]
	01110100111111011011111110011110101010[1]
	00011111011001111110111111100011[0]
	1101101010011101100101011010011011111000110[1]
	11110001010100111100110010100010110000[0]
	000101110111011011110110110111111[1]
	01001111101011110110001010001101010011110010011[1]
	00111010111110[0]
	11111010111111110[1]
	0100110111110010111101011101111111111100110[1]
	101111111101111[1]
	00001001101001111010011011010101001010011110[0]
	1101110111010111001011111111[1]
	10111101110110011100111011010010[1]
	010110101100010110011101111011000111110000[1]
	0101010110110100001110010011110111111000111[1]
	10101100010001011110110101010011011111010010[0]
	0110110011110110110011100001111110110101011110[0]
	011111110110110011111011001111000111[1]
	010001111111000011101110110101110[1]
	0011111011111101111111000[1]
	110111110101101010111011011101[1]
	1000101001100101111111110110101101001110[1]
	111111111110110110111111101111101110000[1]
	101010000001111110011110100101101[0]
	1111011010111101111101010100111101011000111[1]
	1111100110111101100110111100011110101111[1]
	011011101110111110110110[1]
	11111111011110111110110[1]
	11001110010110101111010111000011011111100000110[1]
	101000101110111001011111100110011111100011[1]
	11111100101101110111[1]
	01101110101011011000111011110111111101[1]
	0000000110111101111111100111101101011111011010[1]
	00011110101111011110111[1]
	011111111110110111111[1]
	0111010001001001101011001110111111100011111[1]
	10111110010010101000010110111101110010001[0]
	1111100101011010011010000001011111010[1]
	101110011110110111011101111111000[1]
	111111011111110101110111011110110001[1]
	110100111011111110001111011110[1]
	011111101111011101[1]
	001011111011101110111111010[1]
	1101000110001111111101110110111110101111011[1]
	100011010111110110000101111111011110010100[0]
	1111010101011101111011100011111101111111111[1]
	1111001111011111101101000101111101101111[1]
	110111110111111011111110111111111011110[0]
	0000111001011101010100011101110111010110110[0]
	11111111010101010000101011010111100011011100[1]
	111001111011101100110100110110[0]
	00111111111111101[1]
	0001100111011110111110101011111011000111000[1]
	01101111101011010100011111010111110011111111[1]
	11001111011111011111[1]
	111111101111001111100111[1]
	0111111111001101111010110101111110[1]
	10101111111110110011111110001111[1]
	10110101011110011111101111101011[1]
	0110000101111111011011010[0]
	011101011010011111111100[0]
	0101110111011111[1]
	10100001011101010110111111111100[1]
	011111111001111111111101111110[1]
	011100011111001110111001111001[1]
	101111111101111101100010[0]
	01001111000111110101111111010111110110[1]
	111111111110111110[1]
	111111111111111110111[1]
]
