[
	111111110111010[1]
	11111111110[1]
	11111011111[1]
	1001111111110011111[1]
	1111111110111111111[1]
	01111111110110001111111[1]
	1000010010011011010011100[0]
	1111111110110111110[0]
	1111111011111111110[1]
	01011110110111111011111[1]
	00101110101011111111111[0]
	001101111011100001111110[1]
	101011111111111111111111[1]
	101001011001100011010010111111110[1]
	101110110101001011111111111111111[1]
	101111111100100111001110111[1]
	1111111111110111010[1]
	011010111100111110111111111101[1]
	00001111011110101001011001101001010110101[1]
	0101011110001110011011111100111111111[1]
	1000100001001001011101011100011001101011110[1]
	01101100001111101111111010000111111001111111001[1]
	1101111111111110[1]
	01111100111111011101111101001110101010[1]
	10011111101011101101111111100011[0]
	0001101011101101000101011010011011111001110[1]
	01000101111000111100110100110101110000[0]
	110111110110011011010110110111111[1]
	00001111111000011010001000011101010011110110011[1]
	01111011101110[0]
	11111010111111110[1]
	1101111110110010111101110101111111111100110[1]
	100111111101111[1]
	10001001101001011010011011001110101010110011[0]
	1101110101010111000011111111[1]
	10110101110110101110111011010010[1]
	110110101111011110001101111011000111110000[1]
	1101110110110110011000011001010111111000111[1]
	01001100001000010100100000000011101111101010[0]
	0010111010100111100011111111011111110111011110[0]
	001111110011001111010101100111000111[1]
	010001111111111101101110110101110[1]
	1111111101111101111111000[1]
	110111101100111010111111011101[1]
	1100111101100101111111110100100101001110[1]
	011111111010011100111111101111101110000[1]
	011110011001110011011110010100101[0]
	1110011010111001111100011100111111101101111[1]
	1111100111111100101110111111101110101111[1]
	111110111010111101110110[1]
	11011101111101101110110[1]
	11001110010110101100110111000011011101100011110[1]
	111000110111111011011000100110011111100011[1]
	11111101101101110111[1]
	01100010101111011000111011110111111101[1]
	1100111011011011011111100110000101011111011010[1]
	10011101001110111110111[1]
	111011011110110111111[1]
	1011010111001101111111001111001111000011111[1]
	11111111111110101000010110111101110010001[0]
	0011100101011100011111011100111111010[1]
	111110011000110111011101111111000[1]
	011011010111110110110111011110110001[1]
	100101111011011110101111111110[1]
	101111111111011101[1]
	011010111101101110111111010[1]
	1001000110001110101101111110111101101111011[1]
	110011111101110110000101101111010101010100[0]
	0111010110111101111011100011111110111110111[1]
	1011001111011011101101000101111101101111[1]
	000001110010111111111110111001101011110[0]
	0010111001001010001010011101110101010110110[0]
	10111011010001100100101011010111100011011100[1]
	111101111001101001111110001110[0]
	11111111111111101[1]
	0101101101011111011110101010111111000111000[1]
	01101101011110010000001111111110110011111111[1]
	00001011111111111111[1]
	011011111110001111101011[1]
	0101010001001111011011111101111110[1]
	10101111111110010011111110001111[1]
	11010111001101110111001111101011[1]
	0110100111000111101011010[0]
	110101010111111101110100[0]
	1001101101011110[1]
	10100001111111111011111111111100[1]
	110011101101111111111101111110[1]
	111110011111011110111001111001[1]
	101111111110101101100110[0]
	00001111001111110101111111010111110110[1]
	101111110110111110[1]
	011111111111111110111[1]
]
